cora_dec_gnn = [0.255, 0.385, 0.501, 0.56, 0.599, 0.632, 0.665, 0.67, 0.679, 0.689, 0.7, 0.704, 0.714, 0.719, 0.718, 0.721, 0.733, 0.736, 0.739, 0.746, 0.752, 0.753, 0.753, 0.757, 0.756, 0.757, 0.759, 0.756, 0.756, 0.755, 0.755, 0.755, 0.757, 0.757, 0.759, 0.761, 0.76, 0.762, 0.763, 0.764, 0.764, 0.764, 0.764, 0.763, 0.764, 0.764, 0.764, 0.765, 0.765, 0.766, 0.768, 0.767, 0.767, 0.767, 0.767, 0.768, 0.769, 0.769, 0.769, 0.768, 0.766, 0.767, 0.768, 0.768, 0.768, 0.768, 0.767, 0.767, 0.765, 0.765, 0.764, 0.765, 0.764, 0.765, 0.765, 0.765, 0.765, 0.764, 0.765, 0.766, 0.766, 0.766, 0.766, 0.766, 0.766, 0.766, 0.766, 0.766, 0.767, 0.766, 0.766, 0.766, 0.766, 0.766, 0.766, 0.766, 0.766, 0.767, 0.767, 0.767];
cora_ngossip_gnn = [0.265, 0.384, 0.48, 0.556, 0.6, 0.643, 0.664, 0.693, 0.703, 0.711, 0.718, 0.726, 0.732, 0.733, 0.738, 0.743, 0.744, 0.748, 0.751, 0.754, 0.754, 0.755, 0.76, 0.761, 0.765, 0.765, 0.767, 0.766, 0.765, 0.769, 0.769, 0.77, 0.771, 0.773, 0.776, 0.776, 0.78, 0.783, 0.784, 0.784, 0.784, 0.783, 0.784, 0.784, 0.784, 0.784, 0.784, 0.783, 0.784, 0.784, 0.784, 0.784, 0.784, 0.784, 0.784, 0.784, 0.784, 0.784, 0.783, 0.783] ;
cora_gossip_gnn = [0.285, 0.42, 0.529, 0.584, 0.62, 0.659, 0.669, 0.682, 0.694, 0.705, 0.717, 0.729, 0.731, 0.74, 0.746, 0.749, 0.755, 0.753, 0.754, 0.757, 0.759, 0.762, 0.761, 0.761, 0.765, 0.767, 0.767, 0.768, 0.767, 0.769, 0.774, 0.777, 0.775, 0.775, 0.775, 0.775, 0.776, 0.777, 0.776, 0.776, 0.778, 0.779, 0.776, 0.777, 0.771, 0.772, 0.772, 0.772, 0.774, 0.773, 0.775, 0.776, 0.776, 0.777, 0.779, 0.778, 0.778, 0.78, 0.779, 0.781] ;
cora_gossip = [0.138, 0.156, 0.152, 0.149, 0.126, 0.138, 0.143, 0.146, 0.138, 0.137, 0.127, 0.134, 0.128, 0.131, 0.121, 0.124, 0.131, 0.138, 0.14, 0.141, 0.153, 0.154, 0.153, 0.154, 0.154, 0.148, 0.152, 0.15, 0.156, 0.147, 0.134, 0.138, 0.138, 0.141, 0.138, 0.136, 0.136, 0.131, 0.148, 0.147, 0.139, 0.138, 0.137, 0.131, 0.138, 0.129, 0.146, 0.149, 0.147, 0.142, 0.134, 0.145, 0.158, 0.161, 0.154, 0.155, 0.151, 0.145, 0.152, 0.142];
cora_ngossip = [0.178, 0.218, 0.234, 0.259, 0.27, 0.267, 0.277, 0.29, 0.292, 0.3, 0.306, 0.32, 0.333, 0.336, 0.342, 0.344, 0.345, 0.348, 0.349, 0.353, 0.352, 0.358, 0.366, 0.367, 0.37, 0.373, 0.371, 0.372, 0.374, 0.375, 0.377, 0.38, 0.383, 0.384, 0.385, 0.387, 0.386, 0.386, 0.388, 0.39, 0.388, 0.392, 0.392, 0.394, 0.396, 0.402, 0.403, 0.405, 0.405, 0.405, 0.407, 0.408, 0.408, 0.408, 0.41, 0.411, 0.411, 0.414, 0.414, 0.416, 0.416, 0.415, 0.417, 0.418, 0.418, 0.418, 0.419, 0.421, 0.421, 0.422, 0.423, 0.424, 0.424, 0.424, 0.426, 0.426, 0.428, 0.429, 0.429, 0.431, 0.431, 0.434, 0.434, 0.434, 0.435, 0.436, 0.436, 0.437, 0.438, 0.438, 0.439, 0.439, 0.439, 0.442, 0.442, 0.443, 0.445, 0.445, 0.445, 0.445] ;
cora_gnn = [0.341, 0.449, 0.541, 0.595, 0.64, 0.671, 0.698, 0.718, 0.732, 0.746, 0.752, 0.753, 0.753, 0.761, 0.763, 0.768, 0.767, 0.765, 0.77, 0.774, 0.776, 0.777, 0.777, 0.776, 0.778, 0.778, 0.779, 0.779, 0.785, 0.788, 0.788, 0.788, 0.786, 0.787, 0.787, 0.786, 0.786, 0.786, 0.786, 0.786, 0.785, 0.785, 0.785, 0.785, 0.784, 0.784, 0.784, 0.785, 0.785, 0.785, 0.785, 0.785, 0.785, 0.785, 0.785, 0.785, 0.785, 0.786, 0.786, 0.786] ;

pubmed_gnn = [0.452, 0.569, 0.639, 0.685, 0.717, 0.746, 0.763, 0.783, 0.796, 0.809, 0.817, 0.823, 0.827, 0.834, 0.838, 0.841, 0.841, 0.843, 0.845, 0.848, 0.848, 0.849, 0.849, 0.849, 0.849, 0.849, 0.849, 0.85, 0.85, 0.85, 0.85, 0.851, 0.852, 0.853, 0.854, 0.853, 0.851, 0.851, 0.851, 0.852, 0.853, 0.853, 0.853, 0.853, 0.853, 0.853, 0.853, 0.853, 0.853, 0.853, 0.853, 0.853, 0.854, 0.853, 0.853, 0.853, 0.853, 0.853, 0.854, 0.853] ;
pubmed_dec_gnn = [0.321, 0.405, 0.482, 0.548, 0.593, 0.622, 0.641, 0.665, 0.685, 0.695, 0.704, 0.714, 0.721, 0.729, 0.728, 0.729, 0.732, 0.736, 0.741, 0.745, 0.749, 0.754, 0.754, 0.756, 0.757, 0.757, 0.758, 0.758, 0.76, 0.763, 0.763, 0.764, 0.763, 0.764, 0.767, 0.766, 0.764, 0.766, 0.766, 0.765, 0.766, 0.769, 0.77, 0.769, 0.768, 0.769, 0.768, 0.768, 0.768, 0.766, 0.769, 0.769, 0.769, 0.768, 0.769, 0.769, 0.77, 0.77, 0.771, 0.77, 0.77, 0.768, 0.768, 0.769, 0.768, 0.768, 0.768, 0.768, 0.767, 0.767, 0.765, 0.765, 0.766, 0.765, 0.765, 0.765, 0.763, 0.764, 0.763, 0.763, 0.762, 0.762, 0.763, 0.762, 0.762, 0.762, 0.76, 0.76, 0.76, 0.76, 0.759, 0.759, 0.758, 0.758, 0.758, 0.758, 0.757, 0.757, 0.757, 0.758] ;
pubmed_ngossip = [0.35, 0.363, 0.365, 0.356, 0.349, 0.349, 0.356, 0.351, 0.355, 0.349, 0.349, 0.347, 0.349, 0.351, 0.349, 0.351, 0.348, 0.352, 0.349, 0.351, 0.354, 0.353, 0.356, 0.356, 0.357, 0.359, 0.36, 0.363, 0.364, 0.364, 0.365, 0.365, 0.365, 0.365, 0.363, 0.361, 0.361, 0.362, 0.362, 0.361, 0.361, 0.361, 0.361, 0.36, 0.359, 0.359, 0.359, 0.359, 0.361, 0.361, 0.361, 0.361, 0.36, 0.359, 0.359, 0.359, 0.359, 0.359, 0.359, 0.359, 0.359, 0.359, 0.359, 0.359, 0.359, 0.359, 0.359, 0.359, 0.359, 0.359, 0.359, 0.359, 0.359, 0.359, 0.359, 0.359, 0.359, 0.359, 0.359, 0.359, 0.359, 0.359, 0.359, 0.359, 0.359, 0.359, 0.359, 0.359, 0.358, 0.358, 0.358, 0.358, 0.358, 0.358, 0.358, 0.358, 0.358, 0.358, 0.358, 0.358] ;
pubmned_gossip_gnn = ;

